<?xml version="1.0"?>
<opencv_storage>
<CameraMatrix type_id="opencv-matrix">
  <rows>3</rows>
  <cols>3</cols>
  <dt>d</dt>
  <data>
    7.3475094458650733e+02 0. 3.1736075367563024e+02 0.
    7.4162726053810616e+02 3.3675904151407224e+02 0. 0. 1.</data></CameraMatrix>
<DistortionCoefficients type_id="opencv-matrix">
  <rows>1</rows>
  <cols>5</cols>
  <dt>d</dt>
  <data>
    -4.1282122060847776e-02 -7.0537482348024413e-02
    2.4275424829312452e-02 -5.4218878377003160e-04
    1.2185437146000318e-01</data></DistortionCoefficients>
<AvgReprojection_Error>2.0388254235122916e-01</AvgReprojection_Error>
</opencv_storage>
