<?xml version="1.0"?>
<opencv_storage>
<CameraMatrix type_id="opencv-matrix">
  <rows>3</rows>
  <cols>3</cols>
  <dt>d</dt>
  <data>
    7.0241370089424345e+02 0. 2.8970890918605136e+02 0.
    7.0185901426440705e+02 2.1411401051147448e+02 0. 0. 1.</data></CameraMatrix>
<DistortionCoefficients type_id="opencv-matrix">
  <rows>1</rows>
  <cols>5</cols>
  <dt>d</dt>
  <data>
    -6.0942921964950249e-02 1.7648150164486992e-01
    -5.8688413329968797e-03 -7.0175525083523782e-03
    -5.7888580532280876e-01</data></DistortionCoefficients>
<AvgReprojection_Error>6.5753909576111957e-01</AvgReprojection_Error>
</opencv_storage>
