<?xml version="1.0"?>
<opencv_storage>
<CameraMatrix type_id="opencv-matrix">
  <rows>3</rows>
  <cols>3</cols>
  <dt>d</dt>
  <data>
    7.2612783498860449e+02 0. 3.0649809631306232e+02 0.
    7.3037025216835923e+02 3.0510085281256130e+02 0. 0. 1.</data></CameraMatrix>
<DistortionCoefficients type_id="opencv-matrix">
  <rows>1</rows>
  <cols>5</cols>
  <dt>d</dt>
  <data>
    -1.0465363484464293e-02 -7.1458577972885670e-02
    2.2419310139350241e-02 -1.2022018358511658e-03
    -1.6325607501466756e-02</data></DistortionCoefficients>
<AvgReprojection_Error>2.1947104783303162e-01</AvgReprojection_Error>
</opencv_storage>
